return {
    [1] = {T = 0, P = {
        ['Left Shoulder'] = CFrame.new(-0.097,-0.441,-0.391,-0.246,0.285,-0.927,-0.840,0.414,0.350,0.483,0.865,0.137),
        ['Right Shoulder'] = CFrame.new(0.210,-0.472,-0.021,0.945,-0.059,-0.322,0.293,0.595,0.749,0.148,-0.802,0.579),
        ['Neck'] = CFrame.new(0.000,-0.000,0.017,0.805,-0.588,-0.086,0.580,0.747,0.325,-0.127,-0.312,0.942),
        ['Right Hip'] = CFrame.new(0.673,0.089,0.040,0.928,-0.179,0.326,0.213,0.974,-0.071,-0.305,0.135,0.943),
        ['Left Hip'] = CFrame.new(-0.315,0.289,0.617,0.429,-0.648,0.630,0.643,0.708,0.291,-0.635,0.280,0.720),
        ['RootJoint'] = CFrame.new(-0.292,-0.254,-0.090,0.810,0.573,-0.125,-0.580,0.754,-0.309,-0.083,0.323,0.943),
    }},
    [2] = {T = 0, P = {
        ['Left Shoulder'] = CFrame.new(-0.097,-0.441,-0.391,-0.246,0.285,-0.927,-0.840,0.414,0.350,0.483,0.865,0.137),
        ['Right Shoulder'] = CFrame.new(0.210,-0.472,-0.021,0.945,-0.059,-0.322,0.293,0.595,0.749,0.148,-0.802,0.579),
        ['Neck'] = CFrame.new(0.000,-0.000,0.017,0.805,-0.588,-0.086,0.580,0.747,0.325,-0.127,-0.312,0.942),
        ['Right Hip'] = CFrame.new(0.673,0.089,0.040,0.928,-0.179,0.326,0.213,0.974,-0.071,-0.305,0.135,0.943),
        ['Left Hip'] = CFrame.new(-0.315,0.289,0.617,0.429,-0.648,0.630,0.643,0.708,0.291,-0.635,0.280,0.720),
        ['RootJoint'] = CFrame.new(-0.292,-0.254,-0.090,0.810,0.573,-0.125,-0.580,0.754,-0.309,-0.083,0.323,0.943),
    }},
    [3] = {T = 0.004166666883975267, P = {
        ['Left Shoulder'] = CFrame.new(-0.331,0.029,-0.355,0.965,0.175,-0.195,-0.262,0.625,-0.735,-0.007,0.761,0.649),
        ['Right Shoulder'] = CFrame.new(-0.000,-0.088,-0.122,1.000,-0.000,-0.000,-0.000,0.998,-0.070,0.000,0.070,0.998),
        ['Neck'] = CFrame.new(0.000,0.000,0.017,0.999,-0.009,-0.032,0.009,1.000,0.004,0.032,-0.005,0.999),
        ['Right Hip'] = CFrame.new(-0.125,-0.021,0.132,0.982,-0.009,-0.186,-0.016,0.991,-0.132,0.186,0.133,0.974),
        ['Left Hip'] = CFrame.new(-0.531,0.500,0.324,0.948,-0.305,0.092,0.300,0.951,0.069,-0.108,-0.037,0.993),
        ['RootJoint'] = CFrame.new(0.022,-0.000,0.067,1.000,0.000,0.031,0.000,1.000,-0.000,-0.031,0.000,1.000),
    }},
    [4] = {T = 0.01250000111758709, P = {
        ['Left Shoulder'] = CFrame.new(-0.329,0.021,-0.353,0.965,0.177,-0.195,-0.263,0.658,-0.705,0.004,0.732,0.682),
        ['Right Shoulder'] = CFrame.new(-0.000,-0.087,-0.126,1.000,-0.000,-0.000,-0.000,0.998,-0.064,0.000,0.064,0.998),
        ['Neck'] = CFrame.new(0.000,0.000,0.017,1.000,-0.009,-0.027,0.009,1.000,0.005,0.027,-0.005,1.000),
        ['Right Hip'] = CFrame.new(-0.123,-0.019,0.132,0.983,-0.009,-0.183,-0.015,0.992,-0.129,0.183,0.130,0.975),
        ['Left Hip'] = CFrame.new(-0.593,0.519,0.301,0.936,-0.345,0.072,0.337,0.936,0.098,-0.102,-0.068,0.993),
        ['RootJoint'] = CFrame.new(0.014,-0.000,0.055,1.000,0.000,0.026,0.000,1.000,-0.000,-0.026,0.000,1.000),
    }},
    [5] = {T = 0.0208333358168602, P = {
        ['Left Shoulder'] = CFrame.new(-0.327,0.011,-0.352,0.964,0.179,-0.195,-0.264,0.698,-0.665,0.017,0.693,0.721),
        ['Right Shoulder'] = CFrame.new(-0.000,-0.086,-0.130,1.000,-0.000,-0.000,0.000,0.998,-0.056,0.000,0.056,0.998),
        ['Neck'] = CFrame.new(0.000,0.000,0.017,1.000,-0.009,-0.021,0.009,1.000,0.005,0.020,-0.005,1.000),
        ['Right Hip'] = CFrame.new(-0.121,-0.018,0.131,0.984,-0.009,-0.180,-0.014,0.992,-0.125,0.179,0.125,0.976),
        ['Left Hip'] = CFrame.new(-0.659,0.537,0.268,0.920,-0.388,0.047,0.379,0.915,0.136,-0.096,-0.108,0.990),
        ['RootJoint'] = CFrame.new(0.004,-0.001,0.041,1.000,0.000,0.020,0.000,1.000,-0.001,-0.020,0.001,1.000),
    }},
    [6] = {T = 0.02916666865348816, P = {
        ['Left Shoulder'] = CFrame.new(-0.325,-0.002,-0.349,0.964,0.181,-0.195,-0.264,0.744,-0.614,0.033,0.644,0.765),
        ['Right Shoulder'] = CFrame.new(-0.000,-0.084,-0.135,1.000,-0.000,-0.000,0.000,0.999,-0.046,0.000,0.046,0.999),
        ['Neck'] = CFrame.new(0.000,0.000,0.017,1.000,-0.009,-0.013,0.009,1.000,0.005,0.013,-0.005,1.000),
        ['Right Hip'] = CFrame.new(-0.118,-0.016,0.131,0.985,-0.009,-0.175,-0.012,0.993,-0.120,0.175,0.121,0.977),
        ['Left Hip'] = CFrame.new(-0.728,0.554,0.223,0.901,-0.434,0.016,0.424,0.887,0.183,-0.093,-0.158,0.983),
        ['RootJoint'] = CFrame.new(-0.007,-0.001,0.023,1.000,0.000,0.012,0.000,1.000,-0.001,-0.012,0.001,1.000),
    }},
    [7] = {T = 0.03333333507180214, P = {
        ['Left Shoulder'] = CFrame.new(-0.324,-0.008,-0.348,0.964,0.182,-0.194,-0.263,0.765,-0.588,0.041,0.618,0.785),
        ['Right Shoulder'] = CFrame.new(-0.000,-0.083,-0.137,1.000,-0.000,-0.000,0.000,0.999,-0.041,0.000,0.041,0.999),
        ['Neck'] = CFrame.new(0.000,0.000,0.017,1.000,-0.009,-0.009,0.009,1.000,0.005,0.009,-0.006,1.000),
        ['Right Hip'] = CFrame.new(-0.117,-0.015,0.131,0.985,-0.009,-0.173,-0.011,0.993,-0.118,0.172,0.118,0.978),
        ['Left Hip'] = CFrame.new(-0.762,0.562,0.200,0.890,-0.455,-0.001,0.446,0.871,0.205,-0.092,-0.183,0.979),
        ['RootJoint'] = CFrame.new(-0.013,-0.001,0.015,1.000,0.000,0.008,0.000,1.000,-0.001,-0.008,0.001,1.000),
    }},
    [8] = {T = 0.04583333432674408, P = {
        ['Left Shoulder'] = CFrame.new(-0.319,-0.032,-0.345,0.963,0.187,-0.193,-0.259,0.837,-0.483,0.071,0.515,0.854),
        ['Right Shoulder'] = CFrame.new(-0.000,-0.080,-0.146,1.000,-0.000,-0.000,0.000,1.000,-0.022,0.000,0.022,1.000),
        ['Neck'] = CFrame.new(0.000,0.000,0.017,1.000,-0.009,0.005,0.009,1.000,0.006,-0.005,-0.006,1.000),
        ['Right Hip'] = CFrame.new(-0.111,-0.012,0.131,0.987,-0.009,-0.163,-0.009,0.994,-0.109,0.163,0.109,0.981),
        ['Left Hip'] = CFrame.new(-0.847,0.564,0.105,0.853,-0.517,-0.062,0.511,0.809,0.291,-0.101,-0.280,0.955),
        ['RootJoint'] = CFrame.new(-0.033,-0.002,-0.017,1.000,-0.000,-0.006,-0.000,1.000,-0.002,0.006,0.002,1.000),
    }},
    [9] = {T = 0.05000000074505806, P = {
        ['Left Shoulder'] = CFrame.new(-0.317,-0.040,-0.343,0.963,0.188,-0.192,-0.256,0.858,-0.446,0.081,0.478,0.874),
        ['Right Shoulder'] = CFrame.new(-0.000,-0.079,-0.149,1.000,-0.000,-0.001,0.000,1.000,-0.016,0.001,0.016,1.000),
        ['Neck'] = CFrame.new(0.000,0.000,0.017,1.000,-0.010,0.010,0.009,1.000,0.007,-0.010,-0.006,1.000),
        ['Right Hip'] = CFrame.new(-0.109,-0.011,0.130,0.987,-0.009,-0.160,-0.008,0.994,-0.106,0.160,0.106,0.981),
        ['Left Hip'] = CFrame.new(-0.876,0.564,0.073,0.840,-0.536,-0.083,0.532,0.784,0.318,-0.105,-0.312,0.944),
        ['RootJoint'] = CFrame.new(-0.040,-0.002,-0.028,1.000,-0.000,-0.010,-0.000,1.000,-0.002,0.010,0.002,1.000),
    }},
    [10] = {T = 0.05833333358168602, P = {
        ['Left Shoulder'] = CFrame.new(-0.313,-0.058,-0.341,0.963,0.190,-0.191,-0.249,0.899,-0.361,0.103,0.395,0.913),
        ['Right Shoulder'] = CFrame.new(-0.000,-0.077,-0.155,1.000,-0.000,-0.001,0.000,1.000,-0.000,0.001,0.000,1.000),
        ['Neck'] = CFrame.new(0.000,0.000,0.017,1.000,-0.010,0.020,0.009,1.000,0.007,-0.020,-0.007,1.000),
        ['Right Hip'] = CFrame.new(-0.105,-0.008,0.130,0.988,-0.009,-0.153,-0.006,0.995,-0.100,0.153,0.100,0.983),
        ['Left Hip'] = CFrame.new(-0.907,0.542,0.008,0.814,-0.567,-0.127,0.568,0.731,0.379,-0.122,-0.380,0.917),
        ['RootJoint'] = CFrame.new(-0.056,-0.003,-0.051,1.000,-0.000,-0.020,-0.000,1.000,-0.003,0.020,0.003,1.000),
    }},
    [11] = {T = 0.06666667014360428, P = {
        ['Left Shoulder'] = CFrame.new(-0.309,-0.077,-0.339,0.963,0.193,-0.189,-0.240,0.932,-0.273,0.123,0.308,0.943),
        ['Right Shoulder'] = CFrame.new(-0.000,-0.075,-0.162,1.000,-0.000,-0.001,0.000,1.000,0.015,0.001,-0.015,1.000),
        ['Neck'] = CFrame.new(0.000,-0.000,0.017,1.000,-0.010,0.030,0.009,1.000,0.008,-0.030,-0.008,1.000),
        ['Right Hip'] = CFrame.new(-0.101,-0.006,0.129,0.989,-0.009,-0.146,-0.005,0.996,-0.094,0.146,0.093,0.985),
        ['Left Hip'] = CFrame.new(-0.939,0.520,-0.057,0.787,-0.593,-0.172,0.601,0.671,0.434,-0.142,-0.445,0.884),
        ['RootJoint'] = CFrame.new(-0.071,-0.003,-0.075,1.000,-0.000,-0.031,-0.000,1.000,-0.004,0.031,0.004,1.000),
    }},
    [12] = {T = 0.07500000298023224, P = {
        ['Left Shoulder'] = CFrame.new(-0.305,-0.096,-0.336,0.963,0.194,-0.187,-0.228,0.956,-0.183,0.143,0.219,0.965),
        ['Right Shoulder'] = CFrame.new(-0.000,-0.073,-0.169,1.000,-0.000,-0.001,0.000,1.000,0.031,0.001,-0.031,1.000),
        ['Neck'] = CFrame.new(0.000,-0.000,0.017,0.999,-0.010,0.040,0.009,1.000,0.009,-0.040,-0.008,0.999),
        ['Right Hip'] = CFrame.new(-0.095,-0.004,0.128,0.990,-0.009,-0.137,-0.003,0.996,-0.088,0.138,0.087,0.987),
        ['Left Hip'] = CFrame.new(-0.939,0.486,-0.105,0.765,-0.608,-0.212,0.622,0.614,0.486,-0.166,-0.504,0.848),
        ['RootJoint'] = CFrame.new(-0.086,-0.004,-0.098,0.999,-0.000,-0.041,-0.000,1.000,-0.004,0.041,0.004,0.999),
    }},
    [13] = {T = 0.0833333358168602, P = {
        ['Left Shoulder'] = CFrame.new(-0.300,-0.116,-0.334,0.963,0.195,-0.184,-0.215,0.972,-0.091,0.162,0.127,0.979),
        ['Right Shoulder'] = CFrame.new(-0.000,-0.070,-0.175,1.000,-0.000,-0.001,0.000,0.999,0.048,0.001,-0.048,0.999),
        ['Neck'] = CFrame.new(0.000,-0.000,0.017,0.999,-0.010,0.050,0.009,1.000,0.009,-0.050,-0.009,0.999),
        ['Right Hip'] = CFrame.new(-0.090,-0.002,0.127,0.992,-0.009,-0.129,-0.001,0.997,-0.081,0.129,0.081,0.988),
        ['Left Hip'] = CFrame.new(-0.940,0.451,-0.153,0.744,-0.619,-0.252,0.640,0.552,0.534,-0.191,-0.559,0.807),
        ['RootJoint'] = CFrame.new(-0.102,-0.004,-0.122,0.999,-0.000,-0.051,-0.000,1.000,-0.005,0.051,0.005,0.999),
    }},
    [14] = {T = 0.08750000596046448, P = {
        ['Left Shoulder'] = CFrame.new(-0.297,-0.126,-0.333,0.963,0.196,-0.183,-0.208,0.977,-0.049,0.170,0.085,0.982),
        ['Right Shoulder'] = CFrame.new(-0.000,-0.069,-0.178,1.000,-0.000,-0.002,0.000,0.998,0.057,0.002,-0.057,0.998),
        ['Neck'] = CFrame.new(0.000,-0.000,0.017,0.998,-0.010,0.055,0.009,1.000,0.010,-0.055,-0.009,0.998),
        ['Right Hip'] = CFrame.new(-0.088,-0.001,0.127,0.992,-0.009,-0.124,-0.001,0.997,-0.078,0.125,0.078,0.989),
        ['Left Hip'] = CFrame.new(-0.926,0.438,-0.165,0.739,-0.619,-0.267,0.643,0.529,0.554,-0.202,-0.581,0.789),
        ['RootJoint'] = CFrame.new(-0.109,-0.005,-0.132,0.998,-0.000,-0.056,-0.000,1.000,-0.006,0.056,0.006,0.998),
    }},
    [15] = {T = 0.09583333879709244, P = {
        ['Left Shoulder'] = CFrame.new(-0.291,-0.145,-0.331,0.964,0.196,-0.181,-0.192,0.981,0.035,0.185,0.001,0.983),
        ['Right Shoulder'] = CFrame.new(-0.000,-0.067,-0.184,1.000,-0.000,-0.002,0.000,0.997,0.075,0.002,-0.075,0.997),
        ['Neck'] = CFrame.new(0.000,-0.000,0.017,0.998,-0.010,0.064,0.009,1.000,0.011,-0.064,-0.010,0.998),
        ['Right Hip'] = CFrame.new(-0.082,0.001,0.125,0.993,-0.009,-0.115,0.001,0.997,-0.073,0.116,0.072,0.991),
        ['Left Hip'] = CFrame.new(-0.897,0.410,-0.189,0.728,-0.618,-0.297,0.648,0.480,0.591,-0.222,-0.623,0.750),
        ['RootJoint'] = CFrame.new(-0.123,-0.005,-0.154,0.998,-0.000,-0.065,-0.000,1.000,-0.007,0.065,0.007,0.998),
    }},
    [16] = {T = 0.1041666716337204, P = {
        ['Left Shoulder'] = CFrame.new(-0.286,-0.164,-0.329,0.964,0.195,-0.179,-0.177,0.978,0.110,0.197,-0.075,0.978),
        ['Right Shoulder'] = CFrame.new(-0.001,-0.066,-0.190,1.000,-0.000,-0.002,0.000,0.996,0.093,0.002,-0.093,0.996),
        ['Neck'] = CFrame.new(0.000,-0.000,0.017,0.997,-0.010,0.073,0.009,1.000,0.012,-0.073,-0.011,0.997),
        ['Right Hip'] = CFrame.new(-0.027,0.004,0.128,0.994,0.016,-0.106,-0.023,0.997,-0.067,0.105,0.069,0.992),
        ['Left Hip'] = CFrame.new(-0.860,0.392,-0.206,0.724,-0.610,-0.323,0.648,0.440,0.622,-0.238,-0.659,0.714),
        ['RootJoint'] = CFrame.new(-0.136,-0.006,-0.174,0.997,-0.000,-0.073,-0.000,1.000,-0.008,0.073,0.008,0.997),
    }},
    [17] = {T = 0.11250000447034836, P = {
        ['Left Shoulder'] = CFrame.new(-0.279,-0.182,-0.327,0.965,0.194,-0.178,-0.162,0.971,0.177,0.207,-0.142,0.968),
        ['Right Shoulder'] = CFrame.new(-0.001,-0.064,-0.195,1.000,-0.000,-0.003,0.000,0.994,0.112,0.003,-0.112,0.994),
        ['Neck'] = CFrame.new(0.000,-0.000,0.017,0.997,-0.010,0.080,0.009,1.000,0.013,-0.080,-0.012,0.997),
        ['Right Hip'] = CFrame.new(0.076,0.008,0.136,0.993,0.067,-0.097,-0.073,0.995,-0.063,0.092,0.069,0.993),
        ['Left Hip'] = CFrame.new(-0.813,0.382,-0.216,0.725,-0.598,-0.342,0.643,0.409,0.647,-0.247,-0.689,0.681),
        ['RootJoint'] = CFrame.new(-0.148,-0.007,-0.192,0.997,-0.000,-0.081,-0.000,1.000,-0.009,0.081,0.009,0.997),
    }},
    [18] = {T = 0.12083333730697632, P = {
        ['Left Shoulder'] = CFrame.new(-0.273,-0.199,-0.325,0.966,0.191,-0.177,-0.148,0.961,0.231,0.214,-0.197,0.957),
        ['Right Shoulder'] = CFrame.new(-0.001,-0.063,-0.200,1.000,-0.000,-0.003,0.001,0.991,0.130,0.003,-0.130,0.991),
        ['Neck'] = CFrame.new(0.000,-0.000,0.017,0.996,-0.010,0.087,0.009,1.000,0.014,-0.087,-0.013,0.996),
        ['Right Hip'] = CFrame.new(0.164,0.014,0.141,0.990,0.109,-0.087,-0.115,0.992,-0.059,0.080,0.068,0.994),
        ['Left Hip'] = CFrame.new(-0.767,0.380,-0.222,0.729,-0.584,-0.357,0.637,0.387,0.667,-0.252,-0.714,0.654),
        ['RootJoint'] = CFrame.new(-0.159,-0.008,-0.207,0.996,-0.000,-0.088,-0.000,1.000,-0.010,0.088,0.010,0.996),
    }},
    [19] = {T = 0.12916667759418488, P = {
        ['Left Shoulder'] = CFrame.new(-0.266,-0.214,-0.324,0.966,0.189,-0.176,-0.136,0.952,0.274,0.219,-0.241,0.945),
        ['Right Shoulder'] = CFrame.new(-0.001,-0.062,-0.203,1.000,-0.000,-0.003,0.001,0.989,0.149,0.003,-0.149,0.989),
        ['Neck'] = CFrame.new(0.000,-0.000,0.017,0.996,-0.010,0.092,0.009,1.000,0.015,-0.092,-0.014,0.996),
        ['Right Hip'] = CFrame.new(0.235,0.021,0.142,0.987,0.143,-0.077,-0.148,0.987,-0.055,0.068,0.066,0.995),
        ['Left Hip'] = CFrame.new(-0.721,0.383,-0.226,0.736,-0.569,-0.367,0.629,0.372,0.683,-0.252,-0.733,0.632),
        ['RootJoint'] = CFrame.new(-0.168,-0.009,-0.220,0.996,-0.001,-0.093,-0.001,1.000,-0.011,0.093,0.011,0.996),
    }},
    [20] = {T = 0.13750001788139343, P = {
        ['Left Shoulder'] = CFrame.new(-0.259,-0.226,-0.323,0.967,0.185,-0.176,-0.126,0.945,0.303,0.222,-0.270,0.937),
        ['Right Shoulder'] = CFrame.new(-0.001,-0.061,-0.206,1.000,-0.000,-0.004,0.001,0.986,0.167,0.004,-0.167,0.986),
        ['Neck'] = CFrame.new(0.000,-0.000,0.017,0.995,-0.010,0.096,0.009,1.000,0.016,-0.096,-0.015,0.995),
        ['Right Hip'] = CFrame.new(0.284,0.026,0.140,0.984,0.165,-0.067,-0.169,0.984,-0.053,0.057,0.064,0.996),
        ['Left Hip'] = CFrame.new(-0.688,0.385,-0.229,0.741,-0.558,-0.373,0.622,0.362,0.694,-0.252,-0.747,0.616),
        ['RootJoint'] = CFrame.new(-0.174,-0.010,-0.228,0.995,-0.001,-0.096,-0.001,1.000,-0.012,0.096,0.012,0.995),
    }},
    [21] = {T = 0.14166668057441711, P = {
        ['Left Shoulder'] = CFrame.new(-0.255,-0.231,-0.323,0.967,0.183,-0.176,-0.122,0.943,0.310,0.222,-0.278,0.934),
        ['Right Shoulder'] = CFrame.new(-0.001,-0.061,-0.207,1.000,0.000,-0.004,0.001,0.984,0.175,0.004,-0.175,0.984),
        ['Neck'] = CFrame.new(0.000,-0.000,0.017,0.995,-0.010,0.096,0.009,1.000,0.017,-0.097,-0.016,0.995),
        ['Right Hip'] = CFrame.new(0.298,0.027,0.138,0.983,0.170,-0.062,-0.173,0.983,-0.052,0.052,0.062,0.997),
        ['Left Hip'] = CFrame.new(-0.679,0.385,-0.230,0.743,-0.555,-0.374,0.620,0.359,0.698,-0.253,-0.751,0.611),
        ['RootJoint'] = CFrame.new(-0.176,-0.010,-0.230,0.995,-0.001,-0.097,-0.001,1.000,-0.013,0.097,0.013,0.995),
    }},
    [22] = {T = 0.15000002086162567, P = {
        ['Left Shoulder'] = CFrame.new(-0.247,-0.242,-0.322,0.968,0.178,-0.176,-0.114,0.939,0.325,0.223,-0.294,0.929),
        ['Right Shoulder'] = CFrame.new(-0.001,-0.061,-0.208,1.000,0.000,-0.005,0.001,0.981,0.193,0.005,-0.193,0.981),
        ['Neck'] = CFrame.new(0.000,-0.000,0.017,0.995,-0.011,0.098,0.009,1.000,0.018,-0.099,-0.017,0.995),
        ['Right Hip'] = CFrame.new(0.324,0.030,0.134,0.982,0.180,-0.052,-0.183,0.982,-0.051,0.042,0.059,0.997),
        ['Left Hip'] = CFrame.new(-0.660,0.385,-0.232,0.747,-0.548,-0.376,0.615,0.353,0.706,-0.254,-0.758,0.600),
        ['RootJoint'] = CFrame.new(-0.180,-0.012,-0.235,0.995,-0.001,-0.099,-0.001,1.000,-0.014,0.099,0.014,0.995),
    }},
    [23] = {T = 0.15833336114883423, P = {
        ['Left Shoulder'] = CFrame.new(-0.239,-0.249,-0.322,0.969,0.173,-0.176,-0.109,0.940,0.324,0.221,-0.295,0.930),
        ['Right Shoulder'] = CFrame.new(-0.000,-0.066,-0.209,1.000,0.000,-0.005,0.001,0.978,0.209,0.005,-0.209,0.978),
        ['Neck'] = CFrame.new(0.000,-0.000,0.017,0.995,-0.011,0.098,0.009,1.000,0.019,-0.098,-0.019,0.995),
        ['Right Hip'] = CFrame.new(0.317,0.027,0.127,0.984,0.172,-0.043,-0.174,0.983,-0.050,0.033,0.057,0.998),
        ['Left Hip'] = CFrame.new(-0.669,0.374,-0.232,0.746,-0.551,-0.374,0.615,0.354,0.705,-0.257,-0.755,0.603),
        ['RootJoint'] = CFrame.new(-0.182,-0.013,-0.229,0.995,-0.001,-0.099,-0.001,1.000,-0.015,0.099,0.015,0.995),
    }},
    [24] = {T = 0.16666670143604279, P = {
        ['Left Shoulder'] = CFrame.new(-0.231,-0.256,-0.322,0.970,0.167,-0.175,-0.104,0.941,0.323,0.219,-0.295,0.930),
        ['Right Shoulder'] = CFrame.new(-0.000,-0.072,-0.209,1.000,0.000,-0.006,0.001,0.974,0.226,0.006,-0.226,0.974),
        ['Neck'] = CFrame.new(0.000,-0.000,0.017,0.995,-0.011,0.098,0.009,1.000,0.021,-0.098,-0.020,0.995),
        ['Right Hip'] = CFrame.new(0.309,0.025,0.121,0.986,0.164,-0.033,-0.166,0.985,-0.049,0.024,0.054,0.998),
        ['Left Hip'] = CFrame.new(-0.678,0.363,-0.232,0.745,-0.554,-0.371,0.615,0.355,0.704,-0.259,-0.753,0.605),
        ['RootJoint'] = CFrame.new(-0.183,-0.014,-0.224,0.995,-0.001,-0.098,-0.001,1.000,-0.017,0.098,0.017,0.995),
    }},
    [25] = {T = 0.17500004172325134, P = {
        ['Left Shoulder'] = CFrame.new(-0.222,-0.262,-0.322,0.972,0.162,-0.172,-0.100,0.942,0.321,0.214,-0.295,0.931),
        ['Right Shoulder'] = CFrame.new(0.001,-0.087,-0.209,1.000,0.000,-0.006,0.001,0.971,0.241,0.006,-0.241,0.971),
        ['Neck'] = CFrame.new(0.000,-0.000,0.017,0.995,-0.011,0.097,0.009,1.000,0.022,-0.097,-0.021,0.995),
        ['Right Hip'] = CFrame.new(0.263,0.018,0.114,0.990,0.136,-0.024,-0.137,0.989,-0.049,0.017,0.051,0.999),
        ['Left Hip'] = CFrame.new(-0.693,0.350,-0.230,0.745,-0.557,-0.366,0.617,0.367,0.696,-0.253,-0.745,0.618),
        ['RootJoint'] = CFrame.new(-0.183,-0.015,-0.209,0.995,-0.001,-0.098,-0.001,1.000,-0.018,0.098,0.018,0.995),
    }},
    [26] = {T = 0.17916670441627502, P = {
        ['Left Shoulder'] = CFrame.new(-0.218,-0.265,-0.322,0.972,0.160,-0.171,-0.098,0.942,0.321,0.212,-0.295,0.932),
        ['Right Shoulder'] = CFrame.new(0.001,-0.094,-0.209,1.000,0.000,-0.007,0.001,0.969,0.248,0.007,-0.248,0.969),
        ['Neck'] = CFrame.new(0.000,-0.000,0.017,0.995,-0.011,0.096,0.009,1.000,0.023,-0.097,-0.022,0.995),
        ['Right Hip'] = CFrame.new(0.239,0.015,0.111,0.992,0.121,-0.019,-0.122,0.991,-0.048,0.013,0.050,0.999),
        ['Left Hip'] = CFrame.new(-0.700,0.343,-0.230,0.745,-0.559,-0.364,0.618,0.373,0.692,-0.251,-0.740,0.624),
        ['RootJoint'] = CFrame.new(-0.183,-0.016,-0.201,0.995,-0.001,-0.097,-0.001,1.000,-0.019,0.097,0.019,0.995),
    }},
    [27] = {T = 0.18750004470348358, P = {
        ['Left Shoulder'] = CFrame.new(-0.209,-0.271,-0.322,0.974,0.155,-0.167,-0.095,0.943,0.319,0.206,-0.295,0.933),
        ['Right Shoulder'] = CFrame.new(0.002,-0.111,-0.208,1.000,0.001,-0.007,0.001,0.965,0.262,0.007,-0.262,0.965),
        ['Neck'] = CFrame.new(0.000,0.000,0.017,0.995,-0.011,0.095,0.009,1.000,0.025,-0.095,-0.024,0.995),
        ['Right Hip'] = CFrame.new(0.160,0.009,0.105,0.997,0.076,-0.010,-0.076,0.996,-0.047,0.007,0.048,0.999),
        ['Left Hip'] = CFrame.new(-0.716,0.331,-0.227,0.746,-0.561,-0.358,0.620,0.391,0.680,-0.242,-0.730,0.640),
        ['RootJoint'] = CFrame.new(-0.183,-0.017,-0.183,0.995,-0.001,-0.096,-0.001,1.000,-0.020,0.096,0.020,0.995),
    }},
    [28] = {T = 0.19583338499069214, P = {
        ['Left Shoulder'] = CFrame.new(-0.200,-0.276,-0.322,0.975,0.150,-0.161,-0.093,0.944,0.318,0.200,-0.295,0.934),
        ['Right Shoulder'] = CFrame.new(0.003,-0.132,-0.208,1.000,0.001,-0.008,0.001,0.961,0.276,0.008,-0.276,0.961),
        ['Neck'] = CFrame.new(0.000,0.000,0.017,0.996,-0.011,0.094,0.008,1.000,0.026,-0.094,-0.025,0.995),
        ['Right Hip'] = CFrame.new(0.049,0.002,0.100,1.000,0.013,-0.002,-0.013,0.999,-0.046,0.001,0.046,0.999),
        ['Left Hip'] = CFrame.new(-0.731,0.319,-0.224,0.749,-0.562,-0.351,0.622,0.413,0.665,-0.229,-0.716,0.659),
        ['RootJoint'] = CFrame.new(-0.182,-0.018,-0.162,0.996,-0.001,-0.094,-0.001,1.000,-0.022,0.094,0.022,0.995),
    }},
    [29] = {T = 0.2041667252779007, P = {
        ['Left Shoulder'] = CFrame.new(-0.191,-0.281,-0.322,0.977,0.145,-0.155,-0.090,0.944,0.316,0.192,-0.295,0.936),
        ['Right Shoulder'] = CFrame.new(0.004,-0.154,-0.207,1.000,0.001,-0.008,0.002,0.958,0.288,0.008,-0.288,0.958),
        ['Neck'] = CFrame.new(0.000,-0.000,0.017,0.996,-0.011,0.092,0.008,1.000,0.028,-0.092,-0.027,0.995),
        ['Right Hip'] = CFrame.new(-0.004,-0.002,0.097,1.000,-0.019,0.006,0.019,0.999,-0.045,-0.005,0.045,0.999),
        ['Left Hip'] = CFrame.new(-0.744,0.309,-0.219,0.754,-0.561,-0.342,0.622,0.441,0.648,-0.213,-0.701,0.681),
        ['RootJoint'] = CFrame.new(-0.182,-0.019,-0.139,0.996,-0.001,-0.093,-0.001,1.000,-0.024,0.093,0.024,0.995),
    }},
    [30] = {T = 0.20833338797092438, P = {
        ['Left Shoulder'] = CFrame.new(-0.186,-0.283,-0.322,0.978,0.143,-0.152,-0.089,0.945,0.315,0.188,-0.295,0.937),
        ['Right Shoulder'] = CFrame.new(0.004,-0.165,-0.207,1.000,0.001,-0.009,0.002,0.956,0.294,0.009,-0.294,0.956),
        ['Neck'] = CFrame.new(0.000,-0.000,0.017,0.996,-0.011,0.091,0.008,1.000,0.029,-0.091,-0.028,0.995),
        ['Right Hip'] = CFrame.new(-0.002,-0.003,0.095,1.000,-0.020,0.010,0.020,0.999,-0.045,-0.009,0.045,0.999),
        ['Left Hip'] = CFrame.new(-0.750,0.305,-0.215,0.757,-0.560,-0.336,0.621,0.457,0.637,-0.203,-0.691,0.693),
        ['RootJoint'] = CFrame.new(-0.181,-0.020,-0.127,0.996,-0.001,-0.092,-0.001,1.000,-0.024,0.092,0.024,0.996),
    }},
    [31] = {T = 0.22083339095115662, P = {
        ['Left Shoulder'] = CFrame.new(-0.172,-0.289,-0.322,0.981,0.136,-0.141,-0.087,0.946,0.312,0.175,-0.294,0.940),
        ['Right Shoulder'] = CFrame.new(0.006,-0.201,-0.205,1.000,0.001,-0.010,0.002,0.951,0.310,0.009,-0.310,0.951),
        ['Neck'] = CFrame.new(0.000,-0.000,0.017,0.996,-0.011,0.087,0.008,0.999,0.031,-0.088,-0.030,0.996),
        ['Right Hip'] = CFrame.new(0.006,-0.004,0.091,1.000,-0.022,0.020,0.023,0.999,-0.044,-0.019,0.044,0.999),
        ['Left Hip'] = CFrame.new(-0.762,0.296,-0.203,0.771,-0.552,-0.317,0.613,0.509,0.604,-0.172,-0.661,0.731),
        ['RootJoint'] = CFrame.new(-0.179,-0.022,-0.091,0.996,-0.001,-0.088,-0.001,1.000,-0.027,0.088,0.027,0.996),
    }},
    [32] = {T = 0.2250000536441803, P = {
        ['Left Shoulder'] = CFrame.new(-0.167,-0.291,-0.322,0.982,0.134,-0.136,-0.086,0.946,0.311,0.171,-0.294,0.941),
        ['Right Shoulder'] = CFrame.new(0.006,-0.212,-0.205,1.000,0.001,-0.010,0.002,0.949,0.314,0.010,-0.314,0.949),
        ['Neck'] = CFrame.new(0.000,-0.000,0.017,0.996,-0.011,0.086,0.008,0.999,0.032,-0.087,-0.031,0.996),
        ['Right Hip'] = CFrame.new(0.008,-0.005,0.090,0.999,-0.023,0.024,0.024,0.999,-0.044,-0.023,0.044,0.999),
        ['Left Hip'] = CFrame.new(-0.764,0.295,-0.197,0.777,-0.548,-0.310,0.609,0.528,0.592,-0.161,-0.648,0.744),
        ['RootJoint'] = CFrame.new(-0.178,-0.023,-0.079,0.996,-0.001,-0.087,-0.001,1.000,-0.028,0.087,0.028,0.996),
    }},
    [33] = {T = 0.23333339393138885, P = {
        ['Left Shoulder'] = CFrame.new(-0.157,-0.295,-0.322,0.983,0.130,-0.128,-0.085,0.947,0.309,0.161,-0.293,0.942),
        ['Right Shoulder'] = CFrame.new(0.007,-0.236,-0.204,1.000,0.001,-0.010,0.002,0.946,0.323,0.010,-0.323,0.946),
        ['Neck'] = CFrame.new(0.000,-0.000,0.017,0.996,-0.011,0.084,0.008,0.999,0.034,-0.084,-0.033,0.996),
        ['Right Hip'] = CFrame.new(0.013,-0.006,0.087,0.999,-0.024,0.030,0.026,0.999,-0.043,-0.029,0.044,0.999),
        ['Left Hip'] = CFrame.new(-0.766,0.293,-0.184,0.789,-0.539,-0.294,0.598,0.567,0.566,-0.138,-0.623,0.770),
        ['RootJoint'] = CFrame.new(-0.176,-0.024,-0.054,0.996,-0.001,-0.085,-0.001,1.000,-0.030,0.085,0.030,0.996),
    }},
    [34] = {T = 0.2416667342185974, P = {
        ['Left Shoulder'] = CFrame.new(-0.148,-0.298,-0.322,0.985,0.126,-0.118,-0.084,0.948,0.307,0.151,-0.292,0.944),
        ['Right Shoulder'] = CFrame.new(0.008,-0.256,-0.203,1.000,0.002,-0.011,0.002,0.944,0.330,0.011,-0.330,0.944),
        ['Neck'] = CFrame.new(0.000,-0.000,0.017,0.997,-0.011,0.081,0.008,0.999,0.036,-0.081,-0.035,0.996),
        ['Right Hip'] = CFrame.new(0.016,-0.008,0.084,0.999,-0.026,0.035,0.027,0.999,-0.044,-0.034,0.045,0.998),
        ['Left Hip'] = CFrame.new(-0.757,0.295,-0.165,0.806,-0.524,-0.274,0.580,0.611,0.539,-0.115,-0.594,0.797),
        ['RootJoint'] = CFrame.new(-0.174,-0.026,-0.033,0.997,-0.001,-0.082,-0.001,1.000,-0.031,0.082,0.031,0.996),
    }},
    [35] = {T = 0.2500000596046448, P = {
        ['Left Shoulder'] = CFrame.new(-0.138,-0.301,-0.322,0.987,0.122,-0.109,-0.084,0.949,0.305,0.140,-0.292,0.946),
        ['Right Shoulder'] = CFrame.new(0.009,-0.276,-0.202,1.000,0.002,-0.011,0.002,0.942,0.337,0.011,-0.337,0.941),
        ['Neck'] = CFrame.new(0.000,-0.000,0.017,0.997,-0.011,0.078,0.008,0.999,0.037,-0.078,-0.037,0.996),
        ['Right Hip'] = CFrame.new(0.020,-0.009,0.081,0.999,-0.028,0.040,0.029,0.999,-0.044,-0.038,0.046,0.998),
        ['Left Hip'] = CFrame.new(-0.749,0.296,-0.146,0.823,-0.508,-0.255,0.561,0.652,0.510,-0.093,-0.562,0.822),
        ['RootJoint'] = CFrame.new(-0.172,-0.027,-0.012,0.997,-0.001,-0.079,-0.001,0.999,-0.033,0.079,0.033,0.996),
    }},
    [36] = {T = 0.25833338499069214, P = {
        ['Left Shoulder'] = CFrame.new(-0.128,-0.304,-0.322,0.988,0.118,-0.098,-0.084,0.949,0.303,0.129,-0.291,0.948),
        ['Right Shoulder'] = CFrame.new(0.010,-0.291,-0.202,1.000,0.002,-0.011,0.002,0.940,0.341,0.011,-0.341,0.940),
        ['Neck'] = CFrame.new(0.000,-0.000,0.017,0.997,-0.011,0.075,0.008,0.999,0.039,-0.075,-0.039,0.996),
        ['Right Hip'] = CFrame.new(0.023,-0.011,0.078,0.999,-0.029,0.043,0.031,0.998,-0.046,-0.041,0.047,0.998),
        ['Left Hip'] = CFrame.new(-0.729,0.297,-0.120,0.842,-0.488,-0.231,0.535,0.695,0.480,-0.074,-0.527,0.846),
        ['RootJoint'] = CFrame.new(-0.169,-0.029,0.003,0.997,-0.001,-0.075,-0.001,0.999,-0.035,0.075,0.035,0.997),
    }},
    [37] = {T = 0.2666667103767395, P = {
        ['Left Shoulder'] = CFrame.new(-0.118,-0.306,-0.322,0.990,0.115,-0.088,-0.083,0.950,0.300,0.118,-0.290,0.950),
        ['Right Shoulder'] = CFrame.new(0.011,-0.305,-0.201,1.000,0.002,-0.012,0.002,0.938,0.346,0.012,-0.346,0.938),
        ['Neck'] = CFrame.new(0.000,-0.000,0.017,0.997,-0.011,0.071,0.008,0.999,0.041,-0.072,-0.040,0.997),
        ['Right Hip'] = CFrame.new(0.026,-0.013,0.075,0.998,-0.031,0.046,0.033,0.998,-0.047,-0.045,0.048,0.998),
        ['Left Hip'] = CFrame.new(-0.710,0.299,-0.095,0.860,-0.466,-0.208,0.507,0.736,0.449,-0.056,-0.491,0.869),
        ['RootJoint'] = CFrame.new(-0.167,-0.030,0.018,0.997,-0.001,-0.072,-0.001,0.999,-0.037,0.072,0.037,0.997),
    }},
    [38] = {T = 0.2708333730697632, P = {
        ['Left Shoulder'] = CFrame.new(-0.113,-0.307,-0.322,0.990,0.113,-0.082,-0.084,0.951,0.299,0.112,-0.289,0.951),
        ['Right Shoulder'] = CFrame.new(0.011,-0.308,-0.201,1.000,0.002,-0.012,0.002,0.938,0.346,0.012,-0.346,0.938),
        ['Neck'] = CFrame.new(0.000,-0.000,0.017,0.998,-0.011,0.070,0.008,0.999,0.042,-0.070,-0.041,0.997),
        ['Right Hip'] = CFrame.new(0.027,-0.014,0.074,0.998,-0.032,0.047,0.034,0.998,-0.048,-0.045,0.049,0.998),
        ['Left Hip'] = CFrame.new(-0.696,0.298,-0.080,0.869,-0.454,-0.194,0.491,0.755,0.434,-0.050,-0.473,0.880),
        ['RootJoint'] = CFrame.new(-0.165,-0.031,0.021,0.998,-0.001,-0.070,-0.001,0.999,-0.038,0.070,0.038,0.997),
    }},
    [39] = {T = 0.27916669845581055, P = {
        ['Left Shoulder'] = CFrame.new(-0.104,-0.309,-0.322,0.991,0.110,-0.071,-0.084,0.951,0.297,0.100,-0.288,0.952),
        ['Right Shoulder'] = CFrame.new(0.011,-0.313,-0.201,1.000,0.002,-0.012,0.002,0.938,0.348,0.012,-0.348,0.938),
        ['Neck'] = CFrame.new(0.000,-0.000,0.017,0.998,-0.011,0.066,0.008,0.999,0.044,-0.067,-0.043,0.997),
        ['Right Hip'] = CFrame.new(0.029,-0.017,0.071,0.998,-0.033,0.048,0.036,0.998,-0.050,-0.046,0.052,0.998),
        ['Left Hip'] = CFrame.new(-0.669,0.297,-0.051,0.887,-0.429,-0.168,0.459,0.792,0.403,-0.040,-0.435,0.900),
        ['RootJoint'] = CFrame.new(-0.162,-0.033,0.027,0.998,-0.001,-0.067,-0.001,0.999,-0.040,0.067,0.040,0.997),
    }},
    [40] = {T = 0.2875000238418579, P = {
        ['Left Shoulder'] = CFrame.new(-0.094,-0.311,-0.322,0.992,0.107,-0.060,-0.084,0.952,0.295,0.089,-0.287,0.954),
        ['Right Shoulder'] = CFrame.new(0.011,-0.315,-0.201,1.000,0.002,-0.012,0.002,0.938,0.348,0.012,-0.348,0.937),
        ['Neck'] = CFrame.new(0.000,-0.000,0.017,0.998,-0.011,0.062,0.008,0.999,0.046,-0.063,-0.045,0.997),
        ['Right Hip'] = CFrame.new(0.029,-0.019,0.069,0.998,-0.035,0.046,0.037,0.998,-0.052,-0.044,0.054,0.998),
        ['Left Hip'] = CFrame.new(-0.638,0.293,-0.022,0.905,-0.402,-0.142,0.425,0.826,0.371,-0.032,-0.396,0.918),
        ['RootJoint'] = CFrame.new(-0.158,-0.035,0.030,0.998,-0.001,-0.063,-0.001,0.999,-0.042,0.063,0.042,0.997),
    }},
    [41] = {T = 0.2958333492279053, P = {
        ['Left Shoulder'] = CFrame.new(-0.085,-0.312,-0.322,0.993,0.104,-0.049,-0.085,0.953,0.292,0.077,-0.286,0.955),
        ['Right Shoulder'] = CFrame.new(0.009,-0.314,-0.201,1.000,0.002,-0.012,0.002,0.938,0.347,0.011,-0.347,0.938),
        ['Neck'] = CFrame.new(0.000,-0.000,0.017,0.998,-0.011,0.059,0.008,0.999,0.048,-0.059,-0.048,0.997),
        ['Right Hip'] = CFrame.new(0.028,-0.021,0.066,0.998,-0.037,0.041,0.039,0.998,-0.054,-0.039,0.056,0.998),
        ['Left Hip'] = CFrame.new(-0.601,0.287,0.008,0.921,-0.372,-0.115,0.388,0.857,0.338,-0.027,-0.356,0.934),
        ['RootJoint'] = CFrame.new(-0.154,-0.036,0.030,0.998,-0.001,-0.059,-0.001,0.999,-0.044,0.059,0.044,0.997),
    }},
    [42] = {T = 0.30416667461395264, P = {
        ['Left Shoulder'] = CFrame.new(-0.076,-0.314,-0.322,0.994,0.101,-0.039,-0.085,0.953,0.290,0.066,-0.285,0.956),
        ['Right Shoulder'] = CFrame.new(0.007,-0.311,-0.201,1.000,0.002,-0.011,0.002,0.939,0.344,0.011,-0.344,0.939),
        ['Neck'] = CFrame.new(0.000,-0.000,0.017,0.998,-0.011,0.055,0.008,0.999,0.050,-0.055,-0.050,0.997),
        ['Right Hip'] = CFrame.new(0.025,-0.023,0.064,0.999,-0.038,0.032,0.040,0.998,-0.056,-0.030,0.057,0.998),
        ['Left Hip'] = CFrame.new(-0.556,0.277,0.037,0.937,-0.337,-0.088,0.348,0.887,0.305,-0.025,-0.316,0.948),
        ['RootJoint'] = CFrame.new(-0.147,-0.038,0.030,0.998,-0.001,-0.056,-0.001,0.999,-0.046,0.056,0.046,0.997),
    }},
    [43] = {T = 0.3125, P = {
        ['Left Shoulder'] = CFrame.new(-0.067,-0.315,-0.322,0.995,0.098,-0.028,-0.086,0.954,0.288,0.055,-0.284,0.957),
        ['Right Shoulder'] = CFrame.new(0.004,-0.308,-0.201,1.000,0.002,-0.011,0.002,0.940,0.341,0.011,-0.341,0.940),
        ['Neck'] = CFrame.new(0.000,-0.000,0.017,0.999,-0.011,0.051,0.008,0.999,0.052,-0.051,-0.052,0.997),
        ['Right Hip'] = CFrame.new(0.019,-0.025,0.061,0.999,-0.040,0.019,0.041,0.998,-0.057,-0.017,0.058,0.998),
        ['Left Hip'] = CFrame.new(-0.501,0.263,0.066,0.953,-0.298,-0.062,0.303,0.914,0.271,-0.024,-0.277,0.961),
        ['RootJoint'] = CFrame.new(-0.139,-0.040,0.030,0.999,-0.001,-0.052,-0.001,0.999,-0.048,0.052,0.048,0.998),
    }},
    [44] = {T = 0.32083332538604736, P = {
        ['Left Shoulder'] = CFrame.new(-0.058,-0.316,-0.322,0.995,0.096,-0.017,-0.087,0.954,0.286,0.044,-0.283,0.958),
        ['Right Shoulder'] = CFrame.new(0.000,-0.303,-0.201,1.000,0.001,-0.011,0.002,0.942,0.336,0.010,-0.336,0.942),
        ['Neck'] = CFrame.new(0.000,-0.000,0.017,0.999,-0.011,0.047,0.008,0.998,0.054,-0.047,-0.054,0.997),
        ['Right Hip'] = CFrame.new(0.012,-0.026,0.059,0.999,-0.042,0.003,0.042,0.997,-0.058,-0.001,0.058,0.998),
        ['Left Hip'] = CFrame.new(-0.434,0.246,0.092,0.967,-0.252,-0.036,0.253,0.938,0.237,-0.026,-0.238,0.971),
        ['RootJoint'] = CFrame.new(-0.130,-0.041,0.029,0.999,-0.001,-0.047,-0.001,0.999,-0.050,0.047,0.050,0.998),
    }},
    [45] = {T = 0.3291666507720947, P = {
        ['Left Shoulder'] = CFrame.new(-0.049,-0.317,-0.322,0.996,0.094,-0.007,-0.088,0.955,0.284,0.034,-0.282,0.959),
        ['Right Shoulder'] = CFrame.new(-0.005,-0.297,-0.201,1.000,0.001,-0.010,0.002,0.944,0.331,0.010,-0.331,0.944),
        ['Neck'] = CFrame.new(0.000,-0.000,0.017,0.999,-0.011,0.043,0.008,0.998,0.056,-0.043,-0.056,0.997),
        ['Right Hip'] = CFrame.new(0.004,-0.027,0.056,0.999,-0.044,-0.016,0.043,0.997,-0.059,0.018,0.058,0.998),
        ['Left Hip'] = CFrame.new(-0.354,0.225,0.114,0.980,-0.199,-0.012,0.197,0.959,0.203,-0.029,-0.202,0.979),
        ['RootJoint'] = CFrame.new(-0.120,-0.043,0.029,0.999,-0.001,-0.043,-0.001,0.999,-0.052,0.043,0.052,0.998),
    }},
    [46] = {T = 0.3333333134651184, P = {
        ['Left Shoulder'] = CFrame.new(-0.045,-0.317,-0.322,0.996,0.093,-0.002,-0.088,0.955,0.283,0.028,-0.281,0.959),
        ['Right Shoulder'] = CFrame.new(-0.007,-0.294,-0.201,1.000,0.001,-0.010,0.002,0.945,0.328,0.010,-0.328,0.945),
        ['Neck'] = CFrame.new(0.000,0.000,0.017,0.999,-0.011,0.041,0.008,0.998,0.058,-0.041,-0.057,0.998),
        ['Right Hip'] = CFrame.new(-0.000,-0.028,0.055,0.999,-0.045,-0.025,0.043,0.997,-0.059,0.028,0.058,0.998),
        ['Left Hip'] = CFrame.new(-0.314,0.215,0.126,0.985,-0.172,-0.001,0.169,0.968,0.186,-0.031,-0.184,0.983),
        ['RootJoint'] = CFrame.new(-0.115,-0.044,0.029,0.999,-0.001,-0.041,-0.001,0.999,-0.053,0.041,0.053,0.998),
    }},
    [47] = {T = 0.34166663885116577, P = {
        ['Left Shoulder'] = CFrame.new(-0.037,-0.318,-0.322,0.996,0.091,0.007,-0.089,0.956,0.281,0.019,-0.280,0.960),
        ['Right Shoulder'] = CFrame.new(-0.014,-0.286,-0.201,1.000,0.001,-0.009,0.002,0.947,0.321,0.009,-0.321,0.947),
        ['Neck'] = CFrame.new(0.000,0.000,0.017,0.999,-0.011,0.036,0.008,0.998,0.060,-0.037,-0.059,0.998),
        ['Right Hip'] = CFrame.new(-0.010,-0.029,0.052,0.998,-0.047,-0.047,0.044,0.997,-0.059,0.049,0.057,0.997),
        ['Left Hip'] = CFrame.new(-0.147,0.188,0.136,0.997,-0.076,0.021,0.071,0.985,0.157,-0.033,-0.155,0.987),
        ['RootJoint'] = CFrame.new(-0.103,-0.046,0.027,0.999,-0.001,-0.037,-0.001,0.998,-0.056,0.037,0.056,0.998),
    }},
    [48] = {T = 0.34999996423721313, P = {
        ['Left Shoulder'] = CFrame.new(-0.029,-0.318,-0.322,0.996,0.089,0.015,-0.090,0.956,0.279,0.010,-0.279,0.960),
        ['Right Shoulder'] = CFrame.new(-0.021,-0.279,-0.201,1.000,0.001,-0.008,0.002,0.950,0.314,0.008,-0.314,0.949),
        ['Neck'] = CFrame.new(0.000,0.000,0.017,0.999,-0.010,0.032,0.008,0.998,0.062,-0.033,-0.062,0.998),
        ['Right Hip'] = CFrame.new(-0.020,-0.030,0.049,0.996,-0.049,-0.068,0.045,0.997,-0.059,0.071,0.056,0.996),
        ['Left Hip'] = CFrame.new(0.019,0.161,0.146,0.999,0.022,0.040,-0.027,0.992,0.125,-0.037,-0.126,0.991),
        ['RootJoint'] = CFrame.new(-0.090,-0.048,0.026,0.999,-0.001,-0.033,-0.001,0.998,-0.058,0.033,0.058,0.998),
    }},
    [49] = {T = 0.3583332896232605, P = {
        ['Left Shoulder'] = CFrame.new(-0.022,-0.319,-0.322,0.996,0.088,0.023,-0.091,0.957,0.277,0.002,-0.278,0.961),
        ['Right Shoulder'] = CFrame.new(-0.028,-0.270,-0.201,1.000,0.000,-0.008,0.002,0.952,0.305,0.007,-0.305,0.952),
        ['Neck'] = CFrame.new(0.000,0.000,0.017,1.000,-0.010,0.028,0.009,0.998,0.064,-0.029,-0.064,0.998),
        ['Right Hip'] = CFrame.new(-0.030,-0.030,0.046,0.995,-0.051,-0.090,0.045,0.997,-0.059,0.093,0.055,0.994),
        ['Left Hip'] = CFrame.new(0.026,0.143,0.152,0.998,0.035,0.057,-0.040,0.994,0.100,-0.053,-0.102,0.993),
        ['RootJoint'] = CFrame.new(-0.077,-0.049,0.024,1.000,-0.001,-0.029,-0.001,0.998,-0.060,0.029,0.060,0.998),
    }},
    [50] = {T = 0.36666661500930786, P = {
        ['Left Shoulder'] = CFrame.new(-0.014,-0.319,-0.322,0.996,0.086,0.031,-0.091,0.957,0.276,-0.006,-0.277,0.961),
        ['Right Shoulder'] = CFrame.new(-0.036,-0.261,-0.201,1.000,0.000,-0.007,0.002,0.955,0.296,0.006,-0.296,0.955),
        ['Neck'] = CFrame.new(0.000,0.000,0.017,1.000,-0.010,0.024,0.009,0.998,0.066,-0.024,-0.066,0.998),
        ['Right Hip'] = CFrame.new(-0.040,-0.031,0.043,0.992,-0.053,-0.111,0.046,0.997,-0.059,0.114,0.053,0.992),
        ['Left Hip'] = CFrame.new(0.033,0.125,0.158,0.996,0.048,0.073,-0.053,0.996,0.074,-0.069,-0.078,0.995),
        ['RootJoint'] = CFrame.new(-0.064,-0.051,0.022,1.000,-0.001,-0.024,-0.001,0.998,-0.062,0.024,0.062,0.998),
    }},
    [51] = {T = 0.3749999403953552, P = {
        ['Left Shoulder'] = CFrame.new(-0.008,-0.320,-0.322,0.996,0.085,0.037,-0.092,0.957,0.274,-0.012,-0.277,0.961),
        ['Right Shoulder'] = CFrame.new(-0.045,-0.250,-0.202,1.000,-0.000,-0.006,0.002,0.958,0.287,0.005,-0.287,0.958),
        ['Neck'] = CFrame.new(0.000,0.000,0.017,1.000,-0.010,0.019,0.009,0.998,0.069,-0.020,-0.068,0.997),
        ['Right Hip'] = CFrame.new(-0.049,-0.031,0.040,0.990,-0.055,-0.130,0.047,0.997,-0.059,0.133,0.052,0.990),
        ['Left Hip'] = CFrame.new(0.038,0.111,0.162,0.995,0.058,0.085,-0.062,0.997,0.055,-0.081,-0.060,0.995),
        ['RootJoint'] = CFrame.new(-0.050,-0.053,0.019,1.000,-0.001,-0.020,-0.001,0.998,-0.064,0.020,0.064,0.998),
    }},
    [52] = {T = 0.3791666030883789, P = {
        ['Left Shoulder'] = CFrame.new(-0.004,-0.320,-0.322,0.996,0.085,0.040,-0.092,0.957,0.274,-0.015,-0.276,0.961),
        ['Right Shoulder'] = CFrame.new(-0.049,-0.245,-0.202,1.000,-0.000,-0.005,0.002,0.959,0.282,0.005,-0.282,0.959),
        ['Neck'] = CFrame.new(0.000,0.000,0.017,1.000,-0.010,0.017,0.009,0.998,0.070,-0.018,-0.070,0.997),
        ['Right Hip'] = CFrame.new(-0.053,-0.031,0.039,0.989,-0.056,-0.140,0.048,0.997,-0.059,0.142,0.051,0.988),
        ['Left Hip'] = CFrame.new(0.041,0.104,0.165,0.994,0.063,0.090,-0.067,0.997,0.045,-0.087,-0.051,0.995),
        ['RootJoint'] = CFrame.new(-0.043,-0.054,0.018,1.000,-0.001,-0.018,-0.001,0.998,-0.066,0.018,0.066,0.998),
    }},
    [53] = {T = 0.38749992847442627, P = {
        ['Left Shoulder'] = CFrame.new(0.002,-0.320,-0.322,0.995,0.084,0.045,-0.093,0.958,0.273,-0.020,-0.276,0.961),
        ['Right Shoulder'] = CFrame.new(-0.058,-0.235,-0.203,1.000,-0.001,-0.004,0.002,0.962,0.272,0.004,-0.272,0.962),
        ['Neck'] = CFrame.new(0.000,-0.000,0.017,1.000,-0.010,0.013,0.009,0.997,0.072,-0.014,-0.072,0.997),
        ['Right Hip'] = CFrame.new(-0.061,-0.032,0.036,0.986,-0.058,-0.156,0.049,0.997,-0.059,0.159,0.050,0.986),
        ['Left Hip'] = CFrame.new(0.044,0.092,0.168,0.992,0.071,0.100,-0.074,0.997,0.029,-0.097,-0.036,0.995),
        ['RootJoint'] = CFrame.new(-0.030,-0.056,0.014,1.000,-0.000,-0.014,-0.000,0.998,-0.068,0.014,0.068,0.998),
    }},
    [54] = {T = 0.39583325386047363, P = {
        ['Left Shoulder'] = CFrame.new(0.007,-0.320,-0.322,0.995,0.083,0.048,-0.093,0.958,0.272,-0.024,-0.275,0.961),
        ['Right Shoulder'] = CFrame.new(-0.068,-0.223,-0.204,1.000,-0.001,-0.003,0.002,0.965,0.261,0.003,-0.261,0.965),
        ['Neck'] = CFrame.new(0.000,-0.000,0.017,1.000,-0.010,0.009,0.009,0.997,0.074,-0.010,-0.074,0.997),
        ['Right Hip'] = CFrame.new(-0.067,-0.032,0.034,0.984,-0.060,-0.169,0.051,0.997,-0.059,0.172,0.049,0.984),
        ['Left Hip'] = CFrame.new(0.047,0.081,0.170,0.991,0.078,0.107,-0.081,0.997,0.016,-0.105,-0.024,0.994),
        ['RootJoint'] = CFrame.new(-0.016,-0.058,0.010,1.000,-0.000,-0.010,-0.000,0.998,-0.070,0.010,0.070,0.997),
    }},
    [55] = {T = 0.404166579246521, P = {
        ['Left Shoulder'] = CFrame.new(0.013,-0.321,-0.322,0.995,0.083,0.051,-0.094,0.958,0.271,-0.026,-0.275,0.961),
